R1    =     1.72047
R2    =     2.69258
R3    =     4.68722

A1    =     4.20898
A2    =     1.84761

D1    =     0.00000
